[[0.30815, 2.83063, 2.51182, 0.06015],
[0.32366, 2.68033, 2.1389, 0.07064],
[0.34497, 2.53074, 1.99784, 0.07563],
[0.37292, 2.38225, 1.90568, 0.07929],
[0.40684, 2.235, 1.66881, 0.09054],
[0.44603, 2.08907, 1.41733, 0.10661],
[0.49286, 1.94543, 1.34863, 0.11203],
[0.55046, 1.80577, 1.32941, 0.11364],
[0.61999, 1.67166, 1.32941, 0.11363],
[0.70203, 1.54482, 1.32941, 0.11363],
[0.79915, 1.42926, 1.32941, 0.11355],
[0.9147, 1.3322, 1.32941, 0.11351],
[1.04656, 1.25888, 1.32941, 0.11349],
[1.19023, 1.21275, 1.37364, 0.10984],
[1.33995, 1.19374, 1.60765, 0.09388],
[1.49101, 1.19498, 2.19764, 0.06874],
[1.64161, 1.20709, 2.28138, 0.06623],
[1.79134, 1.22736, 1.75488, 0.0861],
[1.94049, 1.25165, 1.75081, 0.08631],
[2.08953, 1.27651, 1.41478, 0.10681],
[2.23867, 1.30085, 1.38898, 0.10879],
[2.38798, 1.32407, 1.38898, 0.10879],
[2.53843, 1.33726, 1.38898, 0.10873],
[2.68942, 1.33341, 1.38898, 0.10875],
[2.83895, 1.3125, 1.38898, 0.1087],
[2.98255, 1.26608, 1.38898, 0.10865],
[3.11551, 1.19464, 1.46581, 0.10297],
[3.23526, 1.10268, 1.58063, 0.09552],
[3.34111, 0.99497, 1.79348, 0.0842],
[3.43601, 0.87741, 1.79348, 0.08424],
[3.52555, 0.75569, 1.79348, 0.08425],
[3.62269, 0.64002, 1.79348, 0.08422],
[3.7315, 0.53525, 1.79348, 0.08422],
[3.85095, 0.44281, 1.79348, 0.08422],
[3.97969, 0.3638, 1.85533, 0.08141],
[4.11574, 0.29817, 1.86208, 0.08112],
[4.25769, 0.2465, 1.86213, 0.08112],
[4.40409, 0.20931, 1.86232, 0.08111],
[4.55349, 0.18695, 1.76986, 0.08535],
[4.55349, 0.18695, 1.76986, 0.0],
[4.70437, 0.17967, 1.76986, 0.08535],
[4.85527, 0.1867, 1.76986, 0.08536],
[5.00502, 0.2066, 1.76986, 0.08535],
[5.1525, 0.23931, 1.76986, 0.08535],
[5.29542, 0.28815, 1.82407, 0.0828],
[5.43249, 0.35165, 2.11383, 0.07146],
[5.56423, 0.42563, 2.66615, 0.05667],
[5.6922, 0.50597, 2.74818, 0.05498],
[5.81634, 0.59211, 2.79287, 0.0541],
[5.93652, 0.6837, 2.93985, 0.0514],
[6.05291, 0.78006, 3.1435, 0.04807],
[6.16585, 0.88045, 3.40329, 0.0444],
[6.27572, 0.98419, 3.64029, 0.04151],
[6.38283, 1.09077, 3.75765, 0.04021],
[6.48728, 1.19997, 3.80736, 0.03969],
[6.58909, 1.31163, 3.86922, 0.03905],
[6.68828, 1.42563, 3.94059, 0.03835],
[6.78488, 1.54183, 4.0, 0.03778],
[6.87897, 1.66007, 4.0, 0.03778],
[6.97061, 1.78022, 4.0, 0.03778],
[7.05988, 1.90214, 4.0, 0.03778],
[7.14688, 2.0257, 4.0, 0.03778],
[7.23169, 2.15076, 4.0, 0.03778],
[7.31445, 2.27719, 4.0, 0.03778],
[7.3951, 2.40498, 4.0, 0.03778],
[7.47353, 2.53414, 4.0, 0.03778],
[7.54969, 2.66465, 4.0, 0.03778],
[7.62351, 2.7965, 4.0, 0.03778],
[7.69492, 2.92967, 4.0, 0.03778],
[7.76385, 3.06415, 3.82645, 0.03949],
[7.8302, 3.19991, 3.59326, 0.04205],
[7.89389, 3.33694, 3.3829, 0.04467],
[7.95482, 3.47522, 3.21204, 0.04704],
[8.01305, 3.61466, 3.0708, 0.04921],
[8.06838, 3.75528, 2.96535, 0.05096],
[8.12035, 3.89716, 2.8253, 0.05348],
[8.16848, 4.0404, 2.43687, 0.06201],
[8.21224, 4.18503, 2.14724, 0.07037],
[8.2511, 4.33106, 1.96751, 0.0768],
[8.28455, 4.47841, 1.72111, 0.08779],
[8.31214, 4.62697, 1.48947, 0.10145],
[8.33324, 4.77659, 1.36591, 0.11062],
[8.34554, 4.92717, 1.32799, 0.11377],
[8.34646, 5.07824, 1.32799, 0.11376],
[8.33382, 5.22877, 1.32799, 0.11375],
[8.30364, 5.37673, 1.32799, 0.11371],
[8.25076, 5.51811, 1.32799, 0.11366],
[8.17261, 5.64719, 1.32799, 0.11363],
[8.07068, 5.75845, 1.43547, 0.10512],
[7.95142, 5.85108, 1.65064, 0.09148],
[7.82132, 5.92777, 1.7536, 0.08612],
[7.68337, 5.98931, 2.01896, 0.07481],
[7.54066, 6.03887, 2.20794, 0.06843],
[7.39476, 6.07814, 2.31639, 0.06523],
[7.24663, 6.10788, 2.48261, 0.06086],
[7.09704, 6.12921, 2.70031, 0.05596],
[6.94661, 6.14339, 2.8451, 0.05311],
[6.79573, 6.15158, 2.31876, 0.06517],
[6.64464, 6.15369, 2.31876, 0.06516],
[6.49358, 6.15014, 2.31876, 0.06517],
[6.34274, 6.14123, 2.31876, 0.06517],
[6.19231, 6.12696, 2.31876, 0.06517],
[6.04265, 6.10625, 2.08847, 0.07235],
[5.89463, 6.0759, 1.61325, 0.09366],
[5.74828, 6.03831, 1.61325, 0.09366],
[5.6037, 5.99439, 1.61325, 0.09366],
[5.46126, 5.94398, 1.61325, 0.09366],
[5.3218, 5.88582, 1.61325, 0.09366],
[5.18744, 5.81675, 1.61325, 0.09365],
[5.06354, 5.73042, 1.73501, 0.08704],
[4.95018, 5.63016, 1.8991, 0.07969],
[4.84673, 5.51988, 1.8991, 0.07962],
[4.75427, 5.40037, 1.8991, 0.07957],
[4.67369, 5.27242, 2.01397, 0.07508],
[4.60441, 5.1381, 1.81957, 0.08306],
[4.54458, 4.99935, 1.46892, 0.10287],
[4.49153, 4.85784, 1.32145, 0.11436],
[4.44159, 4.71522, 1.3, 0.11624],
[4.38998, 4.57319, 1.3, 0.11624],
[4.33084, 4.43411, 1.3, 0.11626],
[4.25741, 4.30196, 1.3, 0.11629],
[4.16371, 4.18334, 1.3, 0.11628],
[4.04833, 4.08565, 1.3, 0.1163],
[3.91569, 4.01377, 1.54189, 0.09784],
[3.77346, 3.96184, 1.80337, 0.08396],
[3.62796, 3.92072, 1.70409, 0.08873],
[3.48039, 3.88774, 1.67694, 0.09017],
[3.33145, 3.8614, 1.67694, 0.09019],
[3.18125, 3.84503, 1.67694, 0.0901],
[3.03002, 3.8415, 1.67694, 0.09021],
[2.87943, 3.85413, 1.67694, 0.09011],
[2.73142, 3.88467, 1.67694, 0.09012],
[2.58828, 3.93327, 1.76502, 0.08565],
[2.45078, 3.996, 1.76502, 0.08563],
[2.31676, 4.0658, 1.76502, 0.08561],
[2.18219, 4.13457, 1.76502, 0.08562],
[2.04354, 4.19476, 1.76502, 0.08564],
[1.89961, 4.24086, 1.73437, 0.08714],
[1.75148, 4.27063, 1.62409, 0.09303],
[1.60085, 4.2843, 1.51447, 0.09987],
[1.44967, 4.2845, 1.48288, 0.10195],
[1.29898, 4.27194, 1.47529, 0.1025],
[1.14961, 4.24679, 1.47529, 0.10267],
[1.00457, 4.20467, 1.47529, 0.10237],
[0.86592, 4.14363, 1.47529, 0.10268],
[0.73835, 4.06245, 1.47529, 0.1025],
[0.62521, 3.9622, 1.47529, 0.10246],
[0.5294, 3.84506, 1.52825, 0.09902],
[0.45213, 3.71509, 1.6247, 0.09307],
[0.39266, 3.57616, 1.7406, 0.08682],
[0.3495, 3.43132, 1.87317, 0.08068],
[0.32089, 3.2829, 2.0127, 0.0751],
[0.30513, 3.1326, 2.12639, 0.07107],
[0.30096, 2.98155, 2.15016, 0.07028]]